1x2 (16,18,0)
1x2 (16,13,0)
2x2 (0,18,0)
2x2 (0,13,0)
1x2 (16,18,1)
1x2 (16,13,1)
2x2 (0,18,1)
2x2 (0,13,1)
1x1 (16,18,2)
1x2 (16,13,2)
2x1 (0,18,2)
2x2 (0,13,2)
1x2 (16,17,3)
1x1 (16,14,3)
2x2 (0,17,3)
2x1 (0,14,3)
1x2 (16,17,4)
1x2 (16,14,4)
2x2 (0,17,4)
2x2 (0,14,4)
1x2 (16,17,5)
1x2 (16,14,5)
2x2 (0,17,5)
2x2 (0,14,5)
1x1 (16,18,6)
1x2 (16,16,6)
1x1 (16,14,6)
2x1 (0,18,6)
2x2 (0,16,6)
2x1 (0,14,6)
1x4 (16,15,7)
1x1 (16,14,7)
2x4 (0,15,7)
2x1 (0,14,7)
1x2 (16,16,8)
2x2 (0,16,8)
1x1 (16,17,9)
1x2 (16,15,9)
2x1 (0,17,9)
2x2 (0,15,9)
2x2 (16,18,10)
2x1 (16,17,10)
2x2 (16,15,10)
1x1 (16,14,10)
2x6 (14,13,10)
1x6 (13,13,10)
2x6 (11,13,10)
2x6 (9,13,10)
8x1 (8,19,10)
2x6 (7,13,10)
2x6 (5,13,10)
2x6 (3,13,10)
2x6 (1,13,10)
8x1 (0,19,10)
1x6 (0,13,10)
1x2 (17,18,11)
1x2 (17,15,11)
6x2 (11,18,11)
6x2 (11,15,11)
1x2 (10,18,11)
8x1 (10,17,11)
1x2 (10,15,11)
8x1 (10,14,11)
2x6 (8,14,11)
2x6 (6,14,11)
6x2 (0,18,11)
6x2 (0,16,11)
6x2 (0,14,11)
