1x2 (7,17,0)
2x2 (7,15,0)
2x2 (7,5,0)
1x1 (6,15,0)
1x1 (6,7,0)
1x2 (6,5,0)
2x2 (5,16,0)
2x2 (5,8,0)
1x1 (4,16,0)
2x2 (4,14,0)
1x2 (4,12,0)
2x2 (4,6,0)
1x1 (4,5,0)
2x6 (2,12,0)
2x6 (2,4,0)
1x1 (1,17,0)
1x1 (1,12,0)
6x2 (1,10,0)
1x2 (1,8,0)
1x2 (1,5,0)
2x2 (0,15,0)
1x1 (0,14,0)
1x2 (0,6,0)
1x1 (7,18,1)
1x2 (7,16,1)
2x4 (7,12,1)
1x6 (7,6,1)
2x2 (7,4,1)
1x1 (6,17,1)
1x2 (6,15,1)
1x1 (6,11,1)
1x2 (6,9,1)
1x2 (6,6,1)
2x1 (5,8,1)
2x1 (4,17,1)
2x2 (4,15,1)
2x2 (4,11,1)
2x1 (4,10,1)
2x2 (4,6,1)
1x1 (3,17,1)
1x2 (3,15,1)
1x1 (3,11,1)
1x2 (3,9,1)
1x1 (3,7,1)
1x1 (3,4,1)
2x1 (2,12,1)
2x2 (2,5,1)
2x2 (1,16,1)
2x1 (1,15,1)
2x2 (1,10,1)
2x2 (1,8,1)
2x1 (1,7,1)
2x1 (1,4,1)
1x1 (0,16,1)
1x2 (0,14,1)
1x2 (0,7,1)
2x2 (0,5,1)
1x6 (7,11,2)
1x1 (7,10,2)
2x2 (7,8,2)
2x1 (7,7,2)
1x1 (7,6,2)
2x1 (7,5,2)
1x1 (7,4,2)
1x2 (6,16,2)
1x2 (6,5,2)
1x2 (5,17,2)
1x2 (5,14,2)
1x2 (5,8,2)
1x2 (5,6,2)
1x1 (4,17,2)
1x2 (4,15,2)
1x2 (4,11,2)
1x1 (4,10,2)
1x2 (4,6,2)
1x1 (3,16,2)
1x2 (3,12,2)
1x2 (3,9,2)
1x2 (3,6,2)
1x1 (3,4,2)
1x2 (2,15,2)
1x2 (2,10,2)
1x2 (2,6,2)
1x1 (2,5,2)
1x1 (1,17,2)
1x2 (1,15,2)
1x2 (1,10,2)
1x2 (1,7,2)
1x1 (1,4,2)
1x1 (0,16,2)
1x2 (0,7,2)
2x2 (0,5,2)
1x4 (7,12,3)
1x6 (7,5,3)
2x1 (6,11,3)
1x1 (6,6,3)
2x2 (5,14,3)
2x2 (5,8,3)
2x1 (4,16,3)
1x1 (4,15,3)
2x1 (4,10,3)
1x1 (4,7,3)
2x1 (4,6,3)
1x2 (3,12,3)
1x2 (3,9,3)
1x1 (3,6,3)
2x1 (2,16,3)
2x1 (2,11,3)
2x2 (2,7,3)
1x2 (1,16,3)
2x2 (1,14,3)
1x2 (1,12,3)
1x1 (1,11,3)
2x1 (1,10,3)
1x1 (1,7,3)
2x2 (1,5,3)
1x6 (7,10,4)
2x1 (6,9,4)
1x1 (5,15,4)
1x1 (5,9,4)
2x1 (3,15,4)
4x1 (3,8,4)
1x1 (3,7,4)
6x1 (2,6,4)
6x1 (1,14,4)
1x4 (1,10,4)
2x2 (1,7,4)
1x1 (7,10,5)
1x2 (7,6,5)
2x2 (6,13,5)
1x1 (6,6,5)
2x2 (4,12,5)
2x1 (4,11,5)
2x2 (4,6,5)
1x2 (3,12,5)
1x2 (3,7,5)
1x1 (3,6,5)
2x1 (2,14,5)
1x1 (2,13,5)
1x6 (1,9,5)
2x2 (1,7,5)
1x1 (7,13,6)
1x2 (7,9,6)
1x1 (7,6,6)
2x1 (6,14,6)
2x2 (6,11,6)
1x1 (5,14,6)
1x2 (5,11,6)
1x1 (5,7,6)
2x2 (3,13,6)
2x1 (3,12,6)
1x1 (3,11,6)
1x1 (3,8,6)
4x1 (3,6,6)
1x1 (2,14,6)
1x1 (2,7,6)
2x2 (1,12,6)
2x1 (1,11,6)
1x1 (1,10,6)
2x2 (1,8,6)
1x1 (7,14,7)
1x1 (7,11,7)
1x2 (7,9,7)
1x1 (6,12,7)
2x1 (5,14,7)
1x1 (5,12,7)
2x1 (5,11,7)
2x1 (4,13,7)
2x1 (4,7,7)
1x1 (3,13,7)
1x2 (3,11,7)
1x1 (3,8,7)
1x1 (2,13,7)
1x2 (2,11,7)
1x2 (2,9,7)
1x1 (2,8,7)
1x1 (7,14,8)
1x1 (7,10,8)
1x2 (7,8,8)
1x2 (6,11,8)
1x1 (5,14,8)
1x2 (5,11,8)
1x1 (5,7,8)
1x2 (4,13,8)
1x1 (4,12,8)
1x2 (4,7,8)
1x2 (3,12,8)
1x1 (3,11,8)
1x1 (2,13,8)
1x1 (2,9,8)
2x1 (2,8,8)
1x1 (7,14,9)
1x1 (7,10,9)
1x2 (6,11,9)
2x1 (5,14,9)
1x1 (5,12,9)
1x1 (5,11,9)
2x1 (5,7,9)
1x1 (4,14,9)
1x2 (4,12,9)
1x1 (4,8,9)
1x1 (3,13,9)
1x1 (3,11,9)
1x2 (2,12,9)
2x1 (2,8,9)
1x2 (7,14,10)
1x1 (7,10,10)
1x2 (6,11,10)
1x2 (6,7,10)
2x1 (5,14,10)
1x2 (5,11,10)
2x1 (4,13,10)
2x1 (4,7,10)
2x1 (3,14,10)
1x2 (3,12,10)
1x1 (3,11,10)
1x1 (2,13,10)
1x1 (2,8,10)
1x1 (7,14,11)
1x2 (6,11,11)
2x1 (5,14,11)
1x1 (5,12,11)
1x1 (5,11,11)
2x1 (5,7,11)
1x1 (4,14,11)
1x2 (4,12,11)
1x2 (4,7,11)
1x2 (3,13,11)
1x1 (3,11,11)
1x1 (2,13,11)
1x1 (2,8,11)
1x1 (6,14,12)
1x2 (6,11,12)
1x1 (6,7,12)
2x1 (4,14,12)
2x1 (4,12,12)
2x1 (4,11,12)
2x1 (4,7,12)
1x1 (3,14,12)
1x2 (3,12,12)
1x2 (2,12,12)
2x1 (2,8,12)
1x1 (6,12,13)
2x1 (5,14,13)
2x1 (5,11,13)
1x1 (5,10,13)
2x1 (5,7,13)
1x1 (4,14,13)
1x2 (4,11,13)
1x2 (4,7,13)
1x2 (3,13,13)
1x1 (3,12,13)
1x1 (2,13,13)
1x2 (2,8,13)
1x1 (6,14,14)
1x2 (6,11,14)
1x2 (6,7,14)
1x2 (5,10,14)
2x1 (4,14,14)
2x1 (4,12,14)
1x1 (4,11,14)
2x1 (4,7,14)
1x1 (3,14,14)
1x2 (3,12,14)
1x2 (2,12,14)
2x1 (2,8,14)
1x1 (6,14,15)
1x2 (6,10,15)
2x1 (5,12,15)
1x1 (5,11,15)
2x1 (5,7,15)
2x1 (4,14,15)
1x2 (4,11,15)
1x2 (4,7,15)
1x2 (3,13,15)
1x1 (3,12,15)
1x1 (2,13,15)
1x2 (2,8,15)
1x1 (6,12,16)
1x2 (6,7,16)
1x1 (5,14,16)
1x2 (5,11,16)
1x2 (4,13,16)
1x1 (4,12,16)
1x1 (4,11,16)
2x1 (4,7,16)
1x1 (3,14,16)
1x2 (3,12,16)
1x2 (2,12,16)
2x1 (2,8,16)
1x1 (6,12,17)
1x1 (6,8,17)
2x1 (4,14,17)
2x1 (4,12,17)
2x1 (4,7,17)
1x2 (3,13,17)
1x1 (3,12,17)
2x1 (2,8,17)
